0
8
19
1
1
1
13
0
0
0
0
0
0
0
0
0
0
0
0
0
0
0
8
19
1
1
17
10
0
0
0
0
0
0
0
0
0
0
0
0
0
0
0
8
19
1
1
17
10
0
0
0
0
4
2
2
2
2
2
2
0
0
0
0
8
19
1
1
13
0
0
0
0
3
0
0
0
0
0
0
0
0
0
0
0
8
19
1
17
10
0
0
0
3
0
0
0
0
0
0
0
0
0
0
0
0
8
19
1
13
0
0
0
3
0
0
0
0
0
0
0
0
0
0
0
0
0
15
1
17
10
0
0
3
0
0
0
0
0
0
0
0
0
0
0
0
0
8
19
1
13
0
0
3
0
0
0
0
9
12
0
0
0
4
2
2
2
2
2
2
2
2
2
6
0
0
9
12
16
1
0
0
0
3
0
0
9
12
12
12
12
10
0
0
0
9
16
18
14
14
0
0
0
3
0
0
15
1
1
1
1
1
12
12
12
18
14
11
0
0
0
0
0
3
0
0
15
18
14
14
14
19
1
1
18
11
0
0
0
0
0
0
0
3
0
0
15
13
0
0
0
15
1
18
11
0
0
0
0
0
0
0
0
3
0
0
15
13
0
0
0
15
1
13
0
0
0
0
0
0
0
0
0
3
0
0
15
13
0
0
0
15
1
17
10
0
0
0
0
0
0
0
0
3
0
0
15
13
0
0
0
15
1
1
13
0
0
0
0
0
0
0
0
3
0
0
15
17
12
12
12
16
1
1
13
0
0
0
0
0
2
2
2
6
0
0
8
14
14
14
14
14
14
19
17
10
0
0
0
0
0
0
0
0
0
0
0
0
0
0
0
0
0
8
19
17
10
0
0
0
0
0
0
0
0
0
0
0
0
0
0
0
0
0
8
19
17
12
10
0
